0.09801960392078415
0.5149029805961193
0.8140628125625125
0.8765753150630126
0.8922784556911382
0.8956791358271654
0.9082816563312662
0.9195839167833567
0.918883776755351
0.9191838367673535
0.9265853170634126
0.9284856971394279
0.9266853370674135
0.9350870174034807
0.9311862372474495
0.9400880176035207
0.9363872774554911
0.9385877175435087
0.9378875775155031
0.9381876375275054
0.9420884176835367
0.9432886577315464
0.9458891778355671
0.9440888177635527
0.9462892578515704
0.9499899979995999
0.9431886377275455
0.9477895579115824
0.9470894178835767
0.9478895779155831
0.9463892778555711
0.9463892778555711
0.9502900580116023
0.9514902980596119
0.9510902180436087
0.9521904380876175
0.9505901180236047
0.955991198239648
0.9483896779355871
0.9546909381876375
0.9541908381676335
0.954490898179636
0.9512902580516103
0.9516903380676135
0.95499099819964
0.9552910582116423
0.953990798159632
0.9580916183236647
0.9546909381876375
0.9577915583116623
0.953990798159632
0.9573914782956592
0.9570914182836567
0.957991598319664
0.9567913582716543
0.9547909581916383
0.9582916583316663
0.957991598319664
0.9587917583516703
0.9591918383676735
0.9580916183236647
0.9583916783356672
0.956991398279656
0.958491698339668
0.9595919183836767
0.9603920784156831
0.958991798359672
0.957991598319664
0.9595919183836767
0.9603920784156831
0.9616923384676935
0.960492098419684
0.9603920784156831
0.9602920584116823
0.9591918383676735
0.9606921384276855
0.9620924184836968
0.9612922584516903
0.9587917583516703
0.958991798359672
0.9616923384676935
0.9610922184436888
0.9628925785157031
0.960992198439688
0.95999199839968
0.9631926385277055
0.9603920784156831
0.9612922584516903
0.9620924184836968
0.961992398479696
0.9610922184436888
0.959491898379676
0.962992598519704
0.961992398479696
0.9631926385277055
0.9612922584516903
0.9600920184036807
0.9631926385277055
0.9610922184436888
0.9612922584516903
0.9616923384676935
0.9622924584916983
0.961492298459692
0.9612922584516903
0.9640928185637128
0.9633926785357071
0.9641928385677135
0.9617923584716943
0.9603920784156831
0.9637927585517103
0.9636927385477095
0.9611922384476895
0.9621924384876975
0.9618923784756951
0.9627925585117023
0.9617923584716943
0.9655931186237248
0.962992598519704
0.9623924784956991
0.9616923384676935
